p00 =      0.1081  
p10 =    -0.02496  
       p01 =      -2.907  
       p20 =    0.007414 
       p11 =       1.395 
       p02 =      -1.085 
       p30 =  -0.0005417 
       p21 =      0.1347 
       p12 =      0.4531 
       p03 =         4.2  




% speed
x = 12

% road wheel angle
y = 0



bob = p00 + p10*x + p01*y + p20*x^2 + p11*x*y + p02*y^2 + p30*x^3 + p21*x^2*y... 
                    + p12*x*y^2 + p03*y^3