vx = 4;
in = -0.6;

  vxdot = -0.6062*vx + 1.937*in + 0.08625*vx^2 ...
    +0.2565*vx*in + 4.283*in^2 -0.00339*vx^3 ...
    -0.03248*vx^2*in -0.3862*vx*in^2 + 4.878*in^3


u_ff = 0.09969*vx + 0.2586*vxdot - 0.01644*vx^2 ...
    - 0.02599*vx*vxdot - 0.02604*vxdot^2 + 0.0008585*vx^3 ...
    -0.003402*vx^2*vxdot - 0.004922*vx*vxdot^2














